
======================================================================================
       Outcome      k   rho    se    zval    pval   ci.lb  ci.ub   Q_val   Q_p   I_2  
--------------------------------------------------------------------------------------
1   Total Empathy   27 -0.586 0.056 -10.517    0    -0.696 -0.477 295.365   0   90.180
2 Affective Empathy 18 -0.376 0.088 -4.256  0.00002 -0.549 -0.203 459.734   0   95.900
3 Cognitive Empathy 19 -0.415 0.063 -6.607     0    -0.539 -0.292 208.667   0   90.150
4    Prosocialty    19 -0.697 0.063 -11.094    0    -0.820 -0.573 173.437   0   84.450
5       Guilt       3  -0.291 0.056 -5.237  0.00000 -0.401 -0.182  3.452  0.178 42.060
6  Aff-Cog Empathy  19 0.097  0.085  1.142   0.254  -0.070 0.264  242.413   0   92.190
--------------------------------------------------------------------------------------
